STEP 0
1 50 40.0 33 27
2 50 40.0 26 12
3 50 40.0 5 2
4 50 40.0 17 26
5 50 40.0 1 3
6 50 40.0 32 29
7 50 40.0 16 31
8 50 40.0 28 25
9 50 40.0 21 23
10 50 40.0 6 32
STEP 1
11 50 40.0 27 22
12 50 40.0 30 10
13 50 40.0 30 23
14 50 40.0 24 8
15 50 40.0 13 31
16 50 40.0 16 14
17 50 40.0 15 6
18 50 40.0 25 15
19 50 40.0 24 3
20 50 40.0 24 4
21 50 40.0 24 9
22 50 40.0 22 28
23 50 40.0 11 6
24 50 40.0 8 25
25 50 40.0 27 26
26 50 40.0 31 6
27 50 40.0 8 13
28 50 40.0 30 31
29 50 40.0 15 12
30 50 40.0 16 10
STEP 2
31 50 40.0 5 8
32 50 40.0 5 8
33 50 40.0 30 29
34 50 40.0 21 27
35 50 40.0 27 33
36 50 40.0 29 27
37 50 40.0 7 6
38 50 40.0 27 17
39 50 40.0 7 20
40 50 40.0 23 2
41 50 40.0 10 17
42 50 40.0 19 28
43 50 40.0 5 19
44 50 40.0 29 25
45 50 40.0 25 18
46 50 40.0 34 2
47 50 40.0 4 1
48 50 40.0 19 33
49 50 40.0 8 24
50 50 40.0 29 9
51 50 40.0 16 33
52 50 40.0 20 30
53 50 40.0 32 33
54 50 40.0 23 29
55 50 40.0 2 14
56 50 40.0 10 20
57 50 40.0 10 31
58 50 40.0 27 28
59 50 40.0 13 34
60 50 40.0 4 7
STEP 3
61 50 40.0 5 25
62 50 40.0 12 23
63 50 40.0 31 27
64 50 40.0 4 31
65 50 40.0 32 34
66 50 40.0 21 7
67 50 40.0 28 17
68 50 40.0 6 33
69 50 40.0 33 25
70 50 40.0 12 18
71 50 40.0 16 30
72 50 40.0 32 19
73 50 40.0 33 16
74 50 40.0 19 21
75 50 40.0 14 6
76 50 40.0 25 5
77 50 40.0 19 9
78 50 40.0 30 11
79 50 40.0 26 8
80 50 40.0 24 20
81 50 40.0 19 26
82 50 40.0 4 20
83 50 40.0 4 12
84 50 40.0 11 15
85 50 40.0 18 29
86 50 40.0 33 32
87 50 40.0 13 21
88 50 40.0 25 31
89 50 40.0 6 25
90 50 40.0 24 30
91 50 40.0 10 9
92 50 40.0 19 17
93 50 40.0 3 27
94 50 40.0 22 31
95 50 40.0 9 14
96 50 40.0 15 12
97 50 40.0 6 12
98 50 40.0 17 20
99 50 40.0 8 12
100 50 40.0 6 24
STEP 4
101 50 40.0 33 27
102 50 40.0 32 21
103 50 40.0 8 1
104 50 40.0 3 8
105 50 40.0 8 19
106 50 40.0 28 22
107 50 40.0 32 9
108 50 40.0 15 30
109 50 40.0 25 13
110 50 40.0 12 24
111 50 40.0 30 11
112 50 40.0 27 19
113 50 40.0 13 5
114 50 40.0 23 17
115 50 40.0 12 20
116 50 40.0 9 30
117 50 40.0 20 8
118 50 40.0 31 9
119 50 40.0 19 8
120 50 40.0 27 29
121 50 40.0 34 19
122 50 40.0 25 29
123 50 40.0 17 12
124 50 40.0 2 23
125 50 40.0 20 24
126 50 40.0 10 17
127 50 40.0 1 28
128 50 40.0 21 14
129 50 40.0 8 27
130 50 40.0 16 17
131 50 40.0 1 5
132 50 40.0 15 34
133 50 40.0 10 9
134 50 40.0 24 30
135 50 40.0 7 22
136 50 40.0 8 11
137 50 40.0 31 33
138 50 40.0 12 33
139 50 40.0 8 32
140 50 40.0 34 22
141 50 40.0 34 1
142 50 40.0 28 15
143 50 40.0 26 29
144 50 40.0 22 27
145 50 40.0 12 30
146 50 40.0 10 24
147 50 40.0 7 26
148 50 40.0 14 24
149 50 40.0 7 29
150 50 40.0 9 22
STEP 5
151 50 40.0 3 30
152 50 40.0 18 16
153 50 40.0 8 16
154 50 40.0 34 23
155 50 40.0 20 9
156 50 40.0 2 18
157 50 40.0 32 28
158 50 40.0 14 21
159 50 40.0 14 6
160 50 40.0 3 30
161 50 40.0 8 21
162 50 40.0 7 5
163 50 40.0 10 18
164 50 40.0 19 24
165 50 40.0 34 25
166 50 40.0 10 21
167 50 40.0 25 14
168 50 40.0 16 4
169 50 40.0 12 20
170 50 40.0 20 11
171 50 40.0 22 28
172 50 40.0 11 10
173 50 40.0 9 1
174 50 40.0 30 1
175 50 40.0 10 8
176 50 40.0 24 29
177 50 40.0 1 15
178 50 40.0 13 25
179 50 40.0 15 12
180 50 40.0 31 25
181 50 40.0 24 17
182 50 40.0 1 11
183 50 40.0 21 27
184 50 40.0 15 11
185 50 40.0 23 9
186 50 40.0 30 25
187 50 40.0 31 29
188 50 40.0 9 6
189 50 40.0 23 9
190 50 40.0 24 9
191 50 40.0 2 29
192 50 40.0 31 33
193 50 40.0 4 33
194 50 40.0 12 23
195 50 40.0 7 4
196 50 40.0 23 13
197 50 40.0 20 22
198 50 40.0 27 1
199 50 40.0 29 26
200 50 40.0 32 31
201 50 40.0 18 13
202 50 40.0 3 4
203 50 40.0 32 23
204 50 40.0 28 1
205 50 40.0 4 10
206 50 40.0 8 23
207 50 40.0 31 30
208 50 40.0 5 1
209 50 40.0 3 19
210 50 40.0 26 25
STEP 6
211 50 40.0 13 6
212 50 40.0 10 22
213 50 40.0 23 6
214 50 40.0 1 21
215 50 40.0 24 33
216 50 40.0 3 1
217 50 40.0 11 17
218 50 40.0 28 8
219 50 40.0 12 25
220 50 40.0 14 32
221 50 40.0 15 29
222 50 40.0 4 11
223 50 40.0 7 34
224 50 40.0 23 1
225 50 40.0 34 4
226 50 40.0 14 7
227 50 40.0 3 13
228 50 40.0 17 26
229 50 40.0 21 20
230 50 40.0 8 34
231 50 40.0 32 30
232 50 40.0 17 3
233 50 40.0 29 23
234 50 40.0 6 22
235 50 40.0 26 11
236 50 40.0 13 10
237 50 40.0 13 25
238 50 40.0 33 21
239 50 40.0 33 25
240 50 40.0 17 8
241 50 40.0 28 10
242 50 40.0 18 20
243 50 40.0 32 4
244 50 40.0 7 5
245 50 40.0 28 34
246 50 40.0 16 24
247 50 40.0 31 33
248 50 40.0 15 23
249 50 40.0 34 32
250 50 40.0 3 16
251 50 40.0 15 34
252 50 40.0 26 23
253 50 40.0 27 34
254 50 40.0 15 28
255 50 40.0 1 29
256 50 40.0 25 9
257 50 40.0 9 26
258 50 40.0 8 10
259 50 40.0 22 26
260 50 40.0 2 27
STEP 7
261 50 40.0 22 20
262 50 40.0 24 18
263 50 40.0 15 4
264 50 40.0 6 2
265 50 40.0 18 3
266 50 40.0 2 27
267 50 40.0 3 5
268 50 40.0 16 31
269 50 40.0 21 10
270 50 40.0 3 5
271 50 40.0 29 32
272 50 40.0 19 26
273 50 40.0 27 14
274 50 40.0 19 28
275 50 40.0 8 19
276 50 40.0 22 33
277 50 40.0 9 32
278 50 40.0 26 12
279 50 40.0 15 18
280 50 40.0 22 12
281 50 40.0 28 4
282 50 40.0 14 11
283 50 40.0 12 27
284 50 40.0 16 10
285 50 40.0 4 33
286 50 40.0 22 19
287 50 40.0 30 32
288 50 40.0 8 22
289 50 40.0 10 21
290 50 40.0 27 32
291 50 40.0 33 13
292 50 40.0 16 3
293 50 40.0 18 30
294 50 40.0 13 32
295 50 40.0 4 28
296 50 40.0 31 23
297 50 40.0 3 23
298 50 40.0 7 29
299 50 40.0 4 5
300 50 40.0 23 17
STEP 8
301 50 40.0 26 7
302 50 40.0 5 19
303 50 40.0 25 28
304 50 40.0 31 27
305 50 40.0 21 12
306 50 40.0 33 23
307 50 40.0 32 29
308 50 40.0 26 24
309 50 40.0 28 23
310 50 40.0 28 22
311 50 40.0 31 14
312 50 40.0 30 34
313 50 40.0 8 23
314 50 40.0 26 15
315 50 40.0 17 20
316 50 40.0 16 28
317 50 40.0 34 14
318 50 40.0 23 8
319 50 40.0 2 33
320 50 40.0 9 7
321 50 40.0 25 17
322 50 40.0 15 5
323 50 40.0 2 17
324 50 40.0 17 10
325 50 40.0 21 33
326 50 40.0 5 10
327 50 40.0 21 7
328 50 40.0 7 29
329 50 40.0 28 12
330 50 40.0 31 23
STEP 9
331 50 40.0 28 16
332 50 40.0 31 34
333 50 40.0 31 12
334 50 40.0 24 6
335 50 40.0 34 10
336 50 40.0 33 34
337 50 40.0 3 4
338 50 40.0 7 25
339 50 40.0 1 24
340 50 40.0 34 26
341 50 40.0 27 24
342 50 40.0 9 14
343 50 40.0 34 14
344 50 40.0 2 8
345 50 40.0 8 5
346 50 40.0 2 4
347 50 40.0 32 11
348 50 40.0 13 5
349 50 40.0 9 31
350 50 40.0 11 17
