1 1 310.0 27 23
2 1 310.0 17 10
3 1 310.0 13 23
4 1 310.0 5 22
5 1 310.0 10 5
6 1 310.0 12 25
7 1 310.0 16 10
8 1 310.0 12 13
9 1 310.0 12 20
10 1 310.0 8 14
11 1 310.0 12 20
12 1 310.0 16 9
13 1 310.0 22 27
14 1 310.0 7 17
15 1 310.0 12 13
16 1 310.0 22 5
17 1 310.0 12 2
18 1 310.0 20 14
19 1 310.0 8 12
20 1 310.0 18 12
21 1 310.0 12 1
22 1 310.0 23 27
23 1 310.0 23 26
24 1 310.0 10 5
25 1 310.0 20 6
26 1 310.0 6 19
27 1 310.0 23 22
28 1 310.0 5 10
29 1 310.0 25 20
30 1 310.0 14 22
31 1 310.0 2 20
32 1 310.0 7 2
33 1 310.0 14 20
34 1 310.0 20 12
35 1 310.0 14 12
36 1 310.0 20 30
37 1 310.0 28 22
38 1 310.0 6 17
39 1 310.0 5 12
40 1 310.0 6 13
41 1 310.0 14 13
42 1 310.0 4 20
43 1 310.0 10 22
44 1 310.0 20 13
45 1 310.0 24 10
46 1 310.0 7 12
47 1 310.0 10 18
48 1 310.0 10 12
49 1 310.0 18 20
50 1 310.0 12 23
51 1 310.0 22 8
52 1 310.0 22 7
53 1 310.0 29 17
54 1 310.0 2 22
55 1 310.0 10 8
56 1 310.0 12 5
57 1 310.0 12 16
58 1 310.0 24 10
59 1 310.0 14 20
60 1 310.0 13 16
61 1 310.0 14 21
62 1 310.0 6 24
63 1 310.0 10 22
64 1 310.0 22 17
65 1 310.0 17 14
66 1 310.0 21 16
67 1 310.0 16 9
68 1 310.0 20 7
69 1 310.0 11 20
70 1 310.0 14 5
71 1 310.0 12 26
72 1 310.0 7 13
73 1 310.0 19 2
74 1 310.0 20 22
75 1 310.0 5 20
76 1 310.0 20 17
77 1 310.0 13 23
78 1 310.0 17 7
79 1 310.0 9 24
80 1 310.0 6 26
81 1 310.0 10 18
82 1 310.0 7 10
83 1 310.0 24 12
84 1 310.0 13 22
85 1 310.0 12 2
86 1 310.0 18 5
87 1 310.0 27 5
88 1 310.0 14 20
89 1 310.0 17 5
90 1 310.0 10 5
91 1 310.0 12 10
92 1 310.0 22 23
93 1 310.0 18 13
94 1 310.0 22 2
95 1 310.0 12 22
96 1 310.0 10 23
97 1 310.0 10 22
98 1 310.0 29 11
99 1 310.0 16 24
100 1 310.0 12 2
101 1 310.0 22 13
102 1 310.0 20 9
103 1 310.0 6 19
104 1 310.0 20 17
105 1 310.0 7 30
106 1 310.0 10 20
107 1 310.0 12 14
108 1 310.0 9 5
109 1 310.0 18 16
110 1 310.0 16 14
111 1 310.0 24 28
112 1 310.0 19 17
113 1 310.0 16 17
114 1 310.0 13 22
115 1 310.0 1 10
116 1 310.0 6 16
117 1 310.0 12 19
118 1 310.0 2 25
119 1 310.0 20 7
120 1 310.0 22 16
121 1 310.0 30 12
122 1 310.0 17 10
123 1 310.0 12 5
124 1 310.0 29 10
125 1 310.0 21 7
126 1 310.0 12 17
127 1 310.0 12 3
128 1 310.0 6 2
129 1 310.0 11 10
130 1 310.0 30 22
131 1 310.0 23 18
132 1 310.0 7 10
133 1 310.0 10 6
134 1 310.0 32 4
135 1 310.0 4 20
136 1 310.0 2 7
137 1 310.0 23 14
138 1 310.0 13 6
139 1 310.0 5 7
140 1 310.0 27 26
141 1 310.0 22 23
142 1 310.0 5 8
143 1 310.0 10 7
144 1 310.0 2 12
145 1 310.0 18 5
146 1 310.0 20 7
147 1 310.0 4 8
148 1 310.0 6 5
149 1 310.0 7 14
150 1 310.0 18 12
151 1 310.0 22 10
152 1 310.0 31 12
153 1 310.0 16 21
154 1 310.0 30 25
155 1 310.0 7 13
156 1 310.0 25 29
157 1 310.0 13 21
158 1 310.0 11 27
159 1 310.0 14 2
160 1 310.0 12 21
161 1 310.0 12 16
162 1 310.0 14 24
163 1 310.0 17 23
164 1 310.0 16 18
165 1 310.0 20 7
166 1 310.0 17 18
167 1 310.0 23 8
168 1 310.0 20 9
169 1 310.0 27 22
170 1 310.0 20 24
171 1 310.0 12 10
172 1 310.0 8 7
173 1 310.0 26 6
174 1 310.0 21 16
175 1 310.0 22 5
176 1 310.0 5 16
177 1 310.0 5 7
178 1 310.0 7 2
179 1 310.0 14 16
180 1 310.0 10 28
181 1 310.0 18 14
182 1 310.0 23 12
183 1 310.0 14 20
184 1 310.0 30 18
185 1 310.0 24 21
186 1 310.0 20 28
187 1 310.0 10 11
188 1 310.0 22 8
189 1 310.0 20 2
190 1 310.0 13 10
191 1 310.0 7 24
192 1 310.0 21 22
193 1 310.0 12 10
194 1 310.0 20 10
195 1 310.0 20 12
196 1 310.0 17 18
197 1 310.0 6 23
198 1 310.0 6 23
199 1 310.0 5 18
200 1 310.0 32 11
201 1 310.0 7 6
202 1 310.0 11 10
203 1 310.0 17 13
204 1 310.0 10 7
205 1 310.0 6 13
206 1 310.0 13 5
207 1 310.0 29 6
208 1 310.0 17 20
209 1 310.0 18 16
210 1 310.0 18 11
211 1 310.0 30 34
212 1 310.0 14 19
213 1 310.0 16 24
214 1 310.0 12 13
215 1 310.0 6 5
216 1 310.0 20 7
217 1 310.0 5 10
218 1 310.0 13 22
219 1 310.0 22 20
220 1 310.0 13 7
221 1 310.0 25 5
222 1 310.0 13 29
223 1 310.0 20 22
224 1 310.0 18 26
225 1 310.0 11 10
226 1 310.0 27 6
227 1 310.0 14 26
228 1 310.0 5 25
229 1 310.0 7 8
230 1 310.0 21 6
231 1 310.0 21 7
232 1 310.0 23 22
233 1 310.0 34 13
234 1 310.0 12 17
235 1 310.0 27 19
236 1 310.0 5 12
237 1 310.0 10 18
238 1 310.0 10 34
239 1 310.0 21 14
240 1 310.0 5 14
241 1 310.0 19 8
242 1 310.0 12 7
243 1 310.0 5 16
244 1 310.0 34 12
245 1 310.0 22 7
246 1 310.0 10 22
247 1 310.0 18 24
248 1 310.0 30 22
249 1 310.0 22 9
250 1 310.0 12 11
251 1 310.0 2 20
252 1 310.0 17 11
253 1 310.0 12 16
254 1 310.0 8 20
255 1 310.0 20 6
256 1 310.0 22 17
257 1 310.0 17 10
258 1 310.0 29 21
259 1 310.0 8 16
260 1 310.0 22 14
261 1 310.0 31 24
262 1 310.0 12 14
263 1 310.0 13 20
264 1 310.0 2 10
265 1 310.0 14 30
266 1 310.0 16 18
267 1 310.0 4 13
268 1 310.0 11 28
269 1 310.0 12 6
270 1 310.0 8 17
271 1 310.0 2 24
272 1 310.0 24 23
273 1 310.0 14 13
274 1 310.0 18 14
275 1 310.0 8 18
276 1 310.0 16 19
277 1 310.0 13 2
278 1 310.0 5 23
279 1 310.0 14 6
280 1 310.0 22 12
281 1 310.0 28 10
282 1 310.0 7 21
283 1 310.0 7 12
284 1 310.0 31 12
285 1 310.0 18 5
286 1 310.0 22 17
287 1 310.0 22 5
288 1 310.0 12 21
289 1 310.0 2 7
290 1 310.0 20 17
291 1 310.0 14 28
292 1 310.0 14 20
293 1 310.0 23 5
294 1 310.0 31 7
295 1 310.0 12 2
296 1 310.0 13 6
297 1 310.0 11 21
298 1 310.0 12 13
299 1 310.0 7 6
300 1 310.0 22 17
301 1 310.0 30 12
302 1 310.0 29 6
303 1 310.0 20 8
304 1 310.0 16 12
305 1 310.0 12 14
306 1 310.0 2 12
307 1 310.0 16 24
308 1 310.0 22 7
309 1 310.0 2 20
310 1 310.0 10 16
311 1 310.0 11 13
312 1 310.0 23 8
313 1 310.0 29 2
314 1 310.0 23 10
315 1 310.0 21 2
316 1 310.0 5 34
317 1 310.0 22 14
318 1 310.0 12 27
319 1 310.0 13 33
320 1 310.0 10 7
321 1 310.0 16 12
322 1 310.0 12 9
323 1 310.0 5 2
324 1 310.0 5 22
325 1 310.0 22 10
326 1 310.0 10 17
327 1 310.0 26 10
328 1 310.0 30 17
329 1 310.0 10 29
330 1 310.0 32 13
331 1 310.0 7 10
332 1 310.0 16 6
333 1 310.0 10 9
334 1 310.0 4 30
335 1 310.0 8 28
336 1 310.0 30 25
337 1 310.0 14 12
338 1 310.0 20 10
339 1 310.0 13 18
340 1 310.0 16 12
341 1 310.0 31 24
342 1 310.0 17 12
343 1 310.0 2 5
344 1 310.0 22 20
345 1 310.0 6 20
346 1 310.0 5 20
347 1 310.0 29 12
348 1 310.0 12 22
349 1 310.0 6 18
350 1 310.0 14 13
351 1 310.0 21 16
352 1 310.0 12 2
353 1 310.0 6 10
354 1 310.0 7 10
355 1 310.0 9 16
356 1 310.0 14 12
357 1 310.0 29 21
358 1 310.0 10 25
359 1 310.0 7 2
360 1 310.0 22 7
361 1 310.0 16 14
362 1 310.0 12 32
363 1 310.0 5 10
364 1 310.0 12 22
365 1 310.0 5 20
366 1 310.0 12 2
367 1 310.0 9 5
368 1 310.0 13 17
369 1 310.0 6 14
370 1 310.0 30 1
371 1 310.0 5 21
372 1 310.0 12 30
373 1 310.0 20 7
374 1 310.0 14 18
375 1 310.0 18 13
376 1 310.0 22 8
377 1 310.0 7 13
378 1 310.0 22 6
379 1 310.0 14 12
380 1 310.0 6 24
381 1 310.0 13 20
382 1 310.0 6 22
383 1 310.0 12 13
384 1 310.0 2 12
385 1 310.0 21 7
386 1 310.0 28 25
387 1 310.0 12 13
388 1 310.0 23 16
389 1 310.0 13 22
390 1 310.0 12 22
391 1 310.0 13 7
392 1 310.0 17 31
393 1 310.0 14 10
394 1 310.0 24 9
395 1 310.0 14 17
396 1 310.0 5 16
397 1 310.0 26 2
398 1 310.0 10 20
399 1 310.0 13 14
400 1 310.0 19 7
401 1 310.0 12 24
402 1 310.0 21 24
403 1 310.0 5 25
404 1 310.0 13 8
405 1 310.0 7 16
406 1 310.0 8 22
407 1 310.0 14 13
408 1 310.0 29 11
409 1 310.0 6 32
410 1 310.0 17 23
411 1 310.0 12 17
412 1 310.0 16 6
413 1 310.0 10 25
414 1 310.0 24 17
415 1 310.0 29 23
416 1 310.0 22 20
417 1 310.0 20 10
418 1 310.0 7 25
419 1 310.0 20 7
420 1 310.0 10 13
421 1 310.0 28 25
422 1 310.0 13 23
423 1 310.0 8 17
424 1 310.0 21 23
425 1 310.0 10 12
426 1 310.0 11 22
427 1 310.0 6 4
428 1 310.0 10 21
429 1 310.0 12 24
430 1 310.0 10 14
431 1 310.0 19 6
432 1 310.0 29 4
433 1 310.0 12 10
434 1 310.0 6 30
435 1 310.0 16 7
436 1 310.0 20 7
437 1 310.0 7 16
438 1 310.0 23 10
439 1 310.0 2 14
440 1 310.0 13 27
441 1 310.0 11 14
442 1 310.0 24 6
443 1 310.0 12 14
444 1 310.0 12 16
445 1 310.0 12 18
446 1 310.0 16 26
447 1 310.0 11 2
448 1 310.0 17 16
449 1 310.0 6 5
450 1 310.0 5 23
451 1 310.0 24 6
452 1 310.0 10 21
453 1 310.0 12 23
454 1 310.0 29 12
455 1 310.0 10 16
456 1 310.0 22 20
457 1 310.0 11 12
458 1 310.0 5 10
459 1 310.0 14 24
460 1 310.0 7 14
461 1 310.0 22 10
462 1 310.0 18 14
463 1 310.0 7 2
464 1 310.0 17 7
465 1 310.0 9 7
466 1 310.0 14 12
467 1 310.0 31 20
468 1 310.0 10 18
469 1 310.0 27 1
470 1 310.0 8 30
471 1 310.0 11 14
472 1 310.0 7 30
473 1 310.0 5 21
474 1 310.0 16 20
475 1 310.0 10 17
476 1 310.0 22 18
477 1 310.0 21 6
478 1 310.0 7 26
479 1 310.0 16 23
480 1 310.0 16 23
481 1 310.0 10 7
482 1 310.0 32 22
483 1 310.0 16 6
484 1 310.0 24 10
485 1 310.0 7 12
486 1 310.0 9 11
487 1 310.0 12 2
488 1 310.0 22 13
489 1 310.0 12 18
490 1 310.0 10 9
491 1 310.0 13 7
492 1 310.0 20 18
493 1 310.0 6 20
494 1 310.0 5 22
495 1 310.0 7 10
496 1 310.0 12 26
497 1 310.0 13 8
498 1 310.0 14 5
499 1 310.0 12 2
500 1 310.0 26 14
